Time (s),Nodes Explored,Pruned by,Bound Update,LB,UB,Rel. Gap,Abs. Gap,# Nodes
171.421,1, ,* L  ,0.97132943,inf,inf%,inf,2
316.877,2, , ,0.97132943,inf,inf%,inf,3
525.482,3, ,* L U,0.97200224,0.98253272,1.0718%,0.01053,4
673.551,4, , ,0.97200224,0.98253272,1.0718%,0.01053,5
852.425,5, ,* L  ,0.97220306,0.98253272,1.0513%,0.01033,6
1028.358,6, , ,0.97220306,0.98253272,1.0513%,0.01033,7
1232.249,7, ,* L  ,0.97292646,0.98253272,0.9777%,0.009606,8
1435.698,8, , ,0.97292646,0.98253272,0.9777%,0.009606,9
1667.525,9, ,* L U,0.97311677,0.98250918,0.956%,0.009392,10
1851.849,10, , ,0.97311677,0.98250918,0.956%,0.009392,11
2059.124,11, ,* L  ,0.97336999,0.98250918,0.9302%,0.009139,12
2196.518,12, , ,0.97336999,0.98250918,0.9302%,0.009139,13
2343.865,13, ,* L U,0.9734356,0.98025977,0.6962%,0.006824,14
2506.331,14, , ,0.9734356,0.98025977,0.6962%,0.006824,15
2660.614,15, ,* L  ,0.97346159,0.98025977,0.6935%,0.006798,16
2841.621,16, , ,0.97346159,0.98025977,0.6935%,0.006798,17
2999.301,17, ,* L  ,0.97360895,0.98025977,0.6785%,0.006651,18
3801.002,18,Bound, ,0.97360895,0.98025977,0.6785%,0.006651,17
3876.835,19, ,* L  ,0.97366202,0.98025977,0.6731%,0.006598,18
3988.251,20, , ,0.97366202,0.98025977,0.6731%,0.006598,19
4325.238,21, ,* L  ,0.97377675,0.98025977,0.6614%,0.006483,20
4609.971,22, , ,0.97377675,0.98025977,0.6614%,0.006483,21
4662.036,23, ,* L  ,0.9739461,0.98025977,0.6441%,0.006314,22
4830.328,24, , ,0.9739461,0.98025977,0.6441%,0.006314,23
5518.474,25,Bound,* L  ,0.97398083,0.98025977,0.6405%,0.006279,22
5574.775,26, , ,0.97398083,0.98025977,0.6405%,0.006279,23
5606.967,27, ,* L  ,0.97398259,0.98025977,0.6404%,0.006277,24
5653.13,28, , ,0.97398259,0.98025977,0.6404%,0.006277,25
5821.257,29, ,* L  ,0.97418395,0.98025977,0.6198%,0.006076,26
5947.104,30, , ,0.97418395,0.98025977,0.6198%,0.006076,27
6069.264,31, ,* L  ,0.97421708,0.98025977,0.6164%,0.006043,28
6117.888,32, , ,0.97421708,0.98025977,0.6164%,0.006043,29
6333.011,33, ,* L  ,0.97424148,0.98025977,0.6139%,0.006018,30
6379.241,34, , ,0.97424148,0.98025977,0.6139%,0.006018,31
6531.46,35, ,* L  ,0.97439344,0.98025977,0.5984%,0.005866,32
6566.023,36,Bound, ,0.97439344,0.98025977,0.5984%,0.005866,31
6603.189,37, ,* L  ,0.97442147,0.98025977,0.5956%,0.005838,32
6983.602,38, , ,0.97442147,0.98025977,0.5956%,0.005838,33
7493.658,39, ,* L  ,0.9744756,0.98025977,0.5901%,0.005784,34
7571.983,40, , ,0.9744756,0.98025977,0.5901%,0.005784,35
7609.116,41,Bound,* L  ,0.97483218,0.98025977,0.5537%,0.005428,34
7635.433,42, ,* U  ,0.97483218,0.97979948,0.507%,0.004967,35
7676.72,43, ,* L  ,0.97487915,0.97979948,0.5022%,0.00492,36
7843.092,44, , ,0.97487915,0.97979948,0.5022%,0.00492,37
8546.021,45,Bound,* L  ,0.97491748,0.97979948,0.4983%,0.004882,36
8722.444,46, , ,0.97491748,0.97979948,0.4983%,0.004882,37
8842.663,47,Bound,* L  ,0.97494322,0.97979948,0.4956%,0.004856,36
8937.465,48, , ,0.97494322,0.97979948,0.4956%,0.004856,37
8971.316,49, ,* L  ,0.97505781,0.97979948,0.4839%,0.004742,38
9007.548,50, , ,0.97505781,0.97979948,0.4839%,0.004742,39
9037.456,51, ,* L U,0.97508736,0.97971574,0.4724%,0.004628,40
9059.003,52, , ,0.97508736,0.97971574,0.4724%,0.004628,41
9080.996,53, ,* L  ,0.97508746,0.97971574,0.4724%,0.004628,42
9103.719,54, , ,0.97508746,0.97971574,0.4724%,0.004628,43
9125.932,55, ,* L  ,0.97508772,0.97971574,0.4724%,0.004628,44
9149.023,56, , ,0.97508772,0.97971574,0.4724%,0.004628,45
9170.067,57, ,* L  ,0.9750896,0.97971574,0.4722%,0.004626,46
9192.277,58, , ,0.9750896,0.97971574,0.4722%,0.004626,47
9213.507,59, ,* L  ,0.97509047,0.97971574,0.4721%,0.004625,48
9235.591,60, , ,0.97509047,0.97971574,0.4721%,0.004625,49
9256.978,61, ,* L  ,0.97514595,0.97971574,0.4664%,0.00457,50
9279.654,62, , ,0.97514595,0.97971574,0.4664%,0.00457,51
9301.266,63, ,* L  ,0.97515005,0.97971574,0.466%,0.004566,52
9327.01,64, , ,0.97515005,0.97971574,0.466%,0.004566,53
9351.24,65, ,* L  ,0.97515142,0.97971574,0.4659%,0.004564,54
9375.235,66, , ,0.97515142,0.97971574,0.4659%,0.004564,55
9396.856,67, ,* L  ,0.97518052,0.97971574,0.4629%,0.004535,56
9420.516,68, , ,0.97518052,0.97971574,0.4629%,0.004535,57
9443.494,69, ,* L  ,0.97518619,0.97971574,0.4623%,0.00453,58
9466.799,70, , ,0.97518619,0.97971574,0.4623%,0.00453,59
9488.911,71, ,* L  ,0.97518724,0.97971574,0.4622%,0.004528,60
9793.369,72,Bound, ,0.97518724,0.97971574,0.4622%,0.004528,59
9837.421,73, ,* L  ,0.97518928,0.97971574,0.462%,0.004526,60
9864.378,74, , ,0.97518928,0.97971574,0.462%,0.004526,61
9886.42,75, ,* L  ,0.97518955,0.97971574,0.462%,0.004526,62
9908.852,76, , ,0.97518955,0.97971574,0.462%,0.004526,63
9930.242,77, ,* L  ,0.97519505,0.97971574,0.4614%,0.004521,64
9965.685,78, , ,0.97519505,0.97971574,0.4614%,0.004521,65
9993.714,79, ,* L  ,0.97519555,0.97971574,0.4614%,0.00452,66
10016.271,80, , ,0.97519555,0.97971574,0.4614%,0.00452,67
10037.296,81, ,* L  ,0.97519604,0.97971574,0.4613%,0.00452,68
10062.574,82, , ,0.97519604,0.97971574,0.4613%,0.00452,69
10083.088,83, ,* L  ,0.97521123,0.97971574,0.4598%,0.004505,70
10107.255,84, , ,0.97521123,0.97971574,0.4598%,0.004505,71
10127.127,85, ,* L  ,0.97521179,0.97971574,0.4597%,0.004504,72
10239.57,86, , ,0.97521179,0.97971574,0.4597%,0.004504,73
10299.597,87, ,* L  ,0.97521544,0.97971574,0.4593%,0.0045,74
10322.371,88, , ,0.97521544,0.97971574,0.4593%,0.0045,75
10343.555,89, ,* L  ,0.97522347,0.97971574,0.4585%,0.004492,76
10366.673,90, , ,0.97522347,0.97971574,0.4585%,0.004492,77
10387.718,91, ,* L  ,0.97522752,0.97971574,0.4581%,0.004488,78
10410.683,92, , ,0.97522752,0.97971574,0.4581%,0.004488,79
10437.994,93, ,* L  ,0.97522845,0.97971574,0.458%,0.004487,80
10460.64,94, , ,0.97522845,0.97971574,0.458%,0.004487,81
10481.812,95, ,* L  ,0.97523911,0.97971574,0.4569%,0.004477,82
10506.586,96, , ,0.97523911,0.97971574,0.4569%,0.004477,83
10529.687,97, ,* L  ,0.97524595,0.97971574,0.4562%,0.00447,84
10550.824,98, , ,0.97524595,0.97971574,0.4562%,0.00447,85
10574.114,99, ,* L  ,0.97524826,0.97971574,0.456%,0.004467,86
10852.109,100, , ,0.97524826,0.97971574,0.456%,0.004467,87
11075.81,101,Bound,* L  ,0.97525422,0.97971574,0.4554%,0.004462,86
11106.614,102, , ,0.97525422,0.97971574,0.4554%,0.004462,87
11135.091,103, ,* L  ,0.97525882,0.97971574,0.4549%,0.004457,88
11156.527,104, , ,0.97525882,0.97971574,0.4549%,0.004457,89
11180.625,105, ,* L  ,0.97527051,0.97971574,0.4537%,0.004445,90
11204.751,106, , ,0.97527051,0.97971574,0.4537%,0.004445,91
11228.3,107, ,* L  ,0.97528085,0.97971574,0.4527%,0.004435,92
11251.769,108, , ,0.97528085,0.97971574,0.4527%,0.004435,93
11276.041,109, ,* L  ,0.97528433,0.97971574,0.4523%,0.004431,94
11306.211,110, , ,0.97528433,0.97971574,0.4523%,0.004431,95
11330.395,111, ,* L  ,0.97528564,0.97971574,0.4522%,0.00443,96
11366.369,112, , ,0.97528564,0.97971574,0.4522%,0.00443,97
11395.278,113, ,* L  ,0.97528858,0.97971574,0.4519%,0.004427,98
11419.016,114, , ,0.97528858,0.97971574,0.4519%,0.004427,99
11441.147,115, ,* L  ,0.97529566,0.97971574,0.4512%,0.00442,100
11463.914,116, , ,0.97529566,0.97971574,0.4512%,0.00442,101
11486.241,117, ,* L  ,0.97529672,0.97971574,0.4511%,0.004419,102
11509.855,118, , ,0.97529672,0.97971574,0.4511%,0.004419,103
11532.696,119, ,* L  ,0.97530388,0.97971574,0.4503%,0.004412,104
11556.255,120, , ,0.97530388,0.97971574,0.4503%,0.004412,105
11577.888,121, ,* L  ,0.97530406,0.97971574,0.4503%,0.004412,106
11601.559,122, , ,0.97530406,0.97971574,0.4503%,0.004412,107
11621.972,123, ,* L  ,0.97530648,0.97971574,0.4501%,0.004409,108
11645.346,124, , ,0.97530648,0.97971574,0.4501%,0.004409,109
11668.304,125, ,* L  ,0.97531233,0.97971574,0.4495%,0.004403,110
11690.829,126, , ,0.97531233,0.97971574,0.4495%,0.004403,111
11714.566,127, ,* L  ,0.97531235,0.97971574,0.4495%,0.004403,112
11738.5,128, , ,0.97531235,0.97971574,0.4495%,0.004403,113
11760.982,129, ,* L  ,0.97531694,0.97971574,0.449%,0.004399,114
11785.129,130, , ,0.97531694,0.97971574,0.449%,0.004399,115
11807.945,131, ,* L  ,0.97531867,0.97971574,0.4488%,0.004397,116
11830.922,132, , ,0.97531867,0.97971574,0.4488%,0.004397,117
